   2.1632993000000001E-003   1.0000000000000000E-002   4.3265985999999998E-004   7.9577471545947673E-002   4.3265985999999998E-004
   5.0265482457436696E-004   54.369644020441662       0.10000000000000001     
  0.24244421333333330       0.60821233773498384       0.91742345999999997        8.4613562136685083E-002
   4.5699658073456217E-002   1.0100000000000000     
   3.0466438715637478E-002   5.5000000000000000E-002
   3.3510321638291127E-004   1.0000000000000000E-002
   5.4549948000000001E-002   5.0500000000000003E-002
   1.0000000000000000        10.000000000000000        1.0000000000000000        1.0000000000000000       0.10000000000000001        1.0000000000000000     
  0.25000000000000000        10.000000000000000        1.0000000000000000        10.000000000000000     
   2816.4965999999999        3500.0000000000000        18623.723999999998        10000.000000000000        10816.496999999999        5000.0000000000000     
   1.0000000000000000E-003   3.8164965999999998        10.000000000000000        0.0000000000000000        1.0000000000000000E-002
   1.0000000000000000E-003   1.0816497000000001E-003   1.2500000000000001E-002   1.8623724000000001E-002   1.2500000000000001E-002   1.8623724000000001E-002
   1.2500000000000001E-002   1.8623724000000001E-002   1.2500000000000001E-002   1.6830127000000000E-002
   1.0000000000000000        25.500000000000000     
   1.0000000000000000        1.0000000000000000        1000.0000000000000        1.0000000000000000     
